[7]{'epoch': 0, 'accuracy': 0.9393939393939394, 'loss': 0.2832765281200409, 'score': array([[  0.14053908,  -1.1250974 ,   5.0668526 ,  -1.2375062 ],
       [  3.560175  ,  -4.0337224 ,   0.84714866,   0.66858965],
       [ 13.911225  , -12.791212  ,  -1.632046  ,   5.631556  ],
       [ 10.6344795 , -13.574796  ,   1.7326843 ,   1.1635233 ],
       [ 11.221319  ,  -6.725132  ,  -0.995558  ,   6.0674243 ],
       [ 14.028226  ,  -1.3067881 ,  -4.546267  ,   0.51826495],
       [  7.309069  ,  -6.3609934 ,   0.1441122 ,   2.963213  ],
       [ 14.243139  , -14.5905    ,   0.18540603,   3.5788574 ],
       [ 11.965589  , -11.812841  ,   0.46944413,  -1.6870375 ],
       [ 14.808617  , -10.874308  ,  -2.087669  ,   3.2975128 ],
       [ 13.682439  , -10.078322  ,  -0.09756967,   3.790603  ],
       [ 38.310593  , -15.539313  , -21.33411   ,   0.33552185],
       [ 48.965446  , -14.073157  , -33.648266  ,   0.738751  ],
       [ 26.319494  , -13.540055  , -13.5116005 ,   5.69898   ],
       [ 19.534647  , -13.627344  ,  -5.2325087 ,  -1.3638741 ],
       [ 23.180695  , -14.094112  ,  -7.947544  ,  -1.6871401 ],
       [ 40.653786  , -20.388212  , -23.04585   ,  12.914677  ],
       [ 36.54413   , -18.373037  , -20.495234  ,  11.207897  ],
       [ 20.839052  ,  -4.945921  , -12.040011  ,  -7.2480516 ],
       [ 25.625795  ,  -9.673185  , -12.297894  ,  -4.1006293 ],
       [ 21.96221   , -14.037358  ,  -5.574964  ,  -0.9862233 ],
       [ 34.68555   , -18.115898  , -16.68066   ,   1.856559  ],
       [ 31.888887  , -17.445057  , -16.422915  ,   9.566336  ],
       [ 14.300209  ,  -9.565356  ,  -3.1108987 ,  -2.5924428 ],
       [ 25.866472  , -14.264878  ,  -8.898752  ,   1.8250946 ],
       [ 16.918514  ,  -9.48006   ,  -7.837347  ,   3.598988  ],
       [ 27.28427   , -19.156347  ,  -9.651359  ,   7.4962115 ],
       [ 21.112696  , -13.310006  ,  -6.7549486 ,  -0.7512912 ],
       [ 14.424652  ,  -8.217338  ,  -3.8928556 ,   0.14517018],
       [ -2.9400692 ,  -1.1136988 ,   6.297508  ,  -8.027907  ],
       [ -4.660816  ,  -3.9407678 ,   7.1378646 ,  -7.595576  ],
       [ -6.2441106 ,  -2.744787  ,   8.542595  ,  -9.983412  ],
       [ -1.9024476 ,   9.152358  ,   3.8534179 , -19.684496  ]],
      dtype=float32)}