[5]{'epoch': 0, 'accuracy': 0.9393939393939394, 'loss': 0.19246938824653625, 'score': array([[  0.64368105,   6.678702  ,   3.3625538 ,   1.9926558 ],
       [  4.9344907 ,  -1.4767164 ,   1.0412456 ,   5.489014  ],
       [ 10.679576  , -13.496419  ,  -0.91000366,   5.3279066 ],
       [ 12.646046  , -19.009918  ,   2.9930427 ,   1.030092  ],
       [  9.908819  ,  -7.8874993 ,  -1.7509054 ,   6.2710695 ],
       [ 11.094565  ,   1.1162144 ,  -1.7022972 ,   3.9277909 ],
       [  7.3111787 ,  -6.735786  ,  -0.14120458,   5.5398893 ],
       [ 14.740724  , -19.91747   ,   1.5626974 ,   2.746478  ],
       [ 14.079844  , -16.321348  ,   1.6801487 ,  -0.16075018],
       [ 11.983146  ,  -9.2797    ,  -1.8872907 ,   4.2570496 ],
       [ 12.191325  , -14.033555  ,  -0.86482215,   3.9661195 ],
       [ 29.574364  , -18.075624  , -18.645798  ,   2.341696  ],
       [ 39.532417  , -16.441023  , -29.032612  ,   3.8877127 ],
       [ 20.226889  ,  -8.52719   ,  -9.689199  ,   6.611207  ],
       [ 15.1816435 , -13.774285  ,  -4.62404   ,   0.13526508],
       [ 18.315228  , -13.526503  ,  -8.226189  ,  -0.32415894],
       [ 29.639826  , -13.138908  , -19.328817  ,  10.131716  ],
       [ 27.546726  , -12.28563   , -17.632877  ,   9.676418  ],
       [ 18.819422  ,  -7.338063  ,  -7.4178386 ,  -0.5096173 ],
       [ 16.938414  ,  -5.9072657 , -10.474082  ,  -2.1524565 ],
       [ 15.961713  , -14.409516  ,  -6.1071243 ,  -0.14507815],
       [ 29.872723  , -20.54973   , -15.920798  ,   1.6180575 ],
       [ 26.154367  , -12.1578455 , -12.720447  ,   8.153482  ],
       [ 13.458595  ,  -9.738858  ,  -1.9750535 ,   0.83695304],
       [ 20.73754   , -17.595015  ,  -8.312394  ,  -0.1883739 ],
       [ 13.559035  ,  -8.34961   ,  -4.0088573 ,   5.4059896 ],
       [ 17.86122   , -17.193754  ,  -5.428929  ,   6.3690987 ],
       [ 19.756945  , -16.388338  ,  -5.9029346 ,   0.7631798 ],
       [ 11.156606  ,  -8.91288   ,  -3.7342374 ,   1.2368854 ],
       [  1.5262096 ,   2.7276185 ,   7.0367193 ,  -2.62552   ],
       [  0.44629228,   1.7100545 ,   6.5858507 ,  -1.5240009 ],
       [ -0.559615  ,  -0.20522633,   8.721309  ,  -1.7916086 ],
       [  3.148619  ,  10.12815   ,  10.570306  ,  -5.81534   ]],
      dtype=float32)}